>>> a =  np.zeros((220,20))
>>> rand.shuffle(rhifauorhesi)
>>> barus(a)
>>> a
array([[ 0.,  0.,  0.,  0.,  1.,  0.,  0.,  0.,  0.,  0.,  0.,  0.,  0.,
         0.,  0.,  0.,  0.,  1.,  0.,  1.],
       [ 1.,  0.,  0.,  0.,  0.,  0.,  0.,  0.,  0.,  0.,  0.,  0.,  0.,
         1.,  0.,  1.,  0.,  0.,  0.,  0.],
       [ 0.,  0.,  0.,  0.,  0.,  0.,  0.,  0.,  0.,  0.,  1.,  0.,  0.,
         1.,  0.,  0.,  0.,  1.,  0.,  0.],
       [ 0.,  0.,  0.,  0.,  0.,  1.,  0.,  1.,  0.,  1.,  0.,  0.,  0.,
         0.,  0.,  0.,  0.,  0.,  0.,  0.],
       [ 1.,  0.,  0.,  0.,  0.,  0.,  0.,  1.,  0.,  0.,  0.,  0.,  0.,
         0.,  0.,  0.,  0.,  1.,  0.,  0.],
       [ 0.,  0.,  1.,  0.,  0.,  0.,  0.,  0.,  0.,  0.,  0.,  0.,  0.,
         0.,  0.,  1.,  0.,  0.,  0.,  1.],
       [ 0.,  1.,  0.,  0.,  0.,  0.,  0.,  0.,  1.,  0.,  0.,  0.,  1.,
         0.,  0.,  0.,  0.,  0.,  0.,  0.],
       [ 1.,  0.,  1.,  0.,  0.,  1.,  0.,  0.,  0.,  0.,  0.,  0.,  0.,
         0.,  0.,  0.,  0.,  0.,  0.,  0.],
       [ 0.,  0.,  0.,  0.,  0.,  1.,  0.,  0.,  0.,  0.,  0.,  0.,  0.,
         0.,  0.,  0.,  1.,  0.,  0.,  1.],
       [ 0.,  0.,  0.,  1.,  0.,  0.,  0.,  0.,  0.,  0.,  0.,  1.,  0.,
         0.,  0.,  0.,  1.,  0.,  0.,  0.],
       [ 0.,  0.,  0.,  0.,  0.,  0.,  0.,  0.,  1.,  0.,  1.,  0.,  0.,
         0.,  0.,  1.,  0.,  0.,  0.,  0.],
       [ 0.,  0.,  0.,  0.,  1.,  0.,  0.,  0.,  0.,  1.,  0.,  0.,  0.,
         0.,  0.,  0.,  0.,  1.,  0.,  0.],
       [ 0.,  0.,  0.,  0.,  0.,  0.,  0.,  0.,  0.,  0.,  1.,  0.,  1.,
         0.,  1.,  0.,  0.,  0.,  0.,  0.],
       [ 0.,  0.,  0.,  0.,  0.,  0.,  0.,  1.,  0.,  0.,  1.,  0.,  0.,
         0.,  0.,  0.,  0.,  0.,  0.,  1.],
       [ 0.,  0.,  1.,  0.,  0.,  1.,  0.,  0.,  0.,  0.,  0.,  0.,  0.,
         1.,  0.,  0.,  0.,  0.,  0.,  0.],
       [ 0.,  0.,  0.,  0.,  0.,  1.,  0.,  0.,  0.,  1.,  0.,  0.,  0.,
         1.,  0.,  0.,  0.,  0.,  0.,  0.],
       [ 0.,  0.,  0.,  0.,  0.,  0.,  1.,  0.,  0.,  0.,  0.,  0.,  0.,
         0.,  1.,  1.,  0.,  0.,  0.,  0.],
       [ 0.,  1.,  0.,  0.,  1.,  1.,  0.,  0.,  0.,  0.,  0.,  0.,  0.,
         0.,  0.,  0.,  0.,  0.,  0.,  0.],
       [ 1.,  0.,  0.,  0.,  0.,  1.,  0.,  0.,  0.,  0.,  0.,  0.,  0.,
         0.,  0.,  1.,  0.,  0.,  0.,  0.],
       [ 0.,  1.,  0.,  1.,  1.,  0.,  0.,  0.,  0.,  0.,  0.,  0.,  0.,
         0.,  0.,  0.,  0.,  0.,  0.,  0.],
       [ 0.,  0.,  0.,  0.,  1.,  1.,  0.,  0.,  0.,  0.,  0.,  0.,  0.,
         0.,  0.,  1.,  0.,  0.,  0.,  0.],
       [ 0.,  0.,  0.,  0.,  0.,  0.,  1.,  1.,  0.,  0.,  0.,  0.,  0.,
         1.,  0.,  0.,  0.,  0.,  0.,  0.],
       [ 0.,  1.,  0.,  0.,  0.,  0.,  0.,  0.,  0.,  1.,  0.,  1.,  0.,
         0.,  0.,  0.,  0.,  0.,  0.,  0.],
       [ 0.,  1.,  0.,  0.,  0.,  0.,  0.,  0.,  0.,  0.,  1.,  0.,  0.,
         0.,  0.,  0.,  0.,  1.,  0.,  0.],
       [ 0.,  0.,  1.,  0.,  0.,  0.,  1.,  0.,  0.,  0.,  0.,  0.,  0.,
         0.,  1.,  0.,  0.,  0.,  0.,  0.],
       [ 0.,  0.,  1.,  0.,  1.,  0.,  0.,  0.,  0.,  0.,  0.,  0.,  0.,
         0.,  0.,  0.,  0.,  1.,  0.,  0.],
       [ 1.,  0.,  0.,  0.,  0.,  1.,  0.,  0.,  0.,  0.,  0.,  1.,  0.,
         0.,  0.,  0.,  0.,  0.,  0.,  0.],
       [ 0.,  0.,  1.,  0.,  1.,  0.,  1.,  0.,  0.,  0.,  0.,  0.,  0.,
         0.,  0.,  0.,  0.,  0.,  0.,  0.],
       [ 0.,  1.,  0.,  0.,  0.,  0.,  0.,  0.,  0.,  0.,  1.,  0.,  0.,
         0.,  0.,  0.,  0.,  0.,  1.,  0.],
       [ 0.,  0.,  1.,  0.,  0.,  0.,  0.,  0.,  1.,  0.,  0.,  0.,  0.,
         0.,  0.,  1.,  0.,  0.,  0.,  0.],
       [ 1.,  0.,  0.,  0.,  1.,  0.,  0.,  0.,  0.,  0.,  0.,  1.,  0.,
         0.,  0.,  0.,  0.,  0.,  0.,  0.],
       [ 0.,  0.,  1.,  0.,  0.,  0.,  0.,  0.,  1.,  0.,  0.,  0.,  0.,
         0.,  0.,  1.,  0.,  0.,  0.,  0.],
       [ 0.,  0.,  0.,  0.,  0.,  0.,  0.,  0.,  0.,  0.,  1.,  0.,  0.,
         1.,  1.,  0.,  0.,  0.,  0.,  0.],
       [ 0.,  0.,  0.,  0.,  1.,  0.,  0.,  0.,  0.,  0.,  1.,  0.,  0.,
         0.,  0.,  0.,  0.,  1.,  0.,  0.],
       [ 0.,  1.,  0.,  1.,  0.,  0.,  0.,  0.,  0.,  1.,  0.,  0.,  0.,
         0.,  0.,  0.,  0.,  0.,  0.,  0.],
       [ 0.,  0.,  0.,  0.,  0.,  0.,  1.,  1.,  0.,  0.,  1.,  0.,  0.,
         0.,  0.,  0.,  0.,  0.,  0.,  0.],
       [ 0.,  0.,  0.,  1.,  0.,  1.,  0.,  0.,  0.,  0.,  0.,  0.,  0.,
         0.,  0.,  1.,  0.,  0.,  0.,  0.],
       [ 0.,  0.,  0.,  0.,  1.,  0.,  0.,  0.,  0.,  1.,  0.,  0.,  0.,
         1.,  0.,  0.,  0.,  0.,  0.,  0.],
       [ 0.,  0.,  0.,  0.,  0.,  0.,  0.,  1.,  0.,  0.,  0.,  0.,  1.,
         0.,  0.,  1.,  0.,  0.,  0.,  0.],
       [ 1.,  0.,  0.,  0.,  1.,  0.,  0.,  0.,  0.,  0.,  0.,  0.,  0.,
         0.,  0.,  0.,  1.,  0.,  0.,  0.],
       [ 0.,  0.,  0.,  1.,  0.,  0.,  0.,  0.,  0.,  0.,  0.,  1.,  0.,
         0.,  0.,  0.,  0.,  0.,  1.,  0.],
       [ 0.,  0.,  0.,  1.,  0.,  0.,  0.,  0.,  0.,  1.,  0.,  0.,  0.,
         0.,  0.,  0.,  0.,  0.,  0.,  1.],
       [ 1.,  0.,  0.,  0.,  0.,  0.,  1.,  0.,  0.,  0.,  1.,  0.,  0.,
         0.,  0.,  0.,  0.,  0.,  0.,  0.],
       [ 1.,  0.,  0.,  0.,  1.,  0.,  0.,  0.,  0.,  0.,  0.,  0.,  0.,
         0.,  0.,  0.,  1.,  0.,  0.,  0.],
       [ 0.,  0.,  1.,  1.,  0.,  0.,  0.,  0.,  0.,  1.,  0.,  0.,  0.,
         0.,  0.,  0.,  0.,  0.,  0.,  0.],
       [ 0.,  0.,  0.,  1.,  1.,  0.,  1.,  0.,  0.,  0.,  0.,  0.,  0.,
         0.,  0.,  0.,  0.,  0.,  0.,  0.],
       [ 1.,  0.,  0.,  1.,  0.,  0.,  0.,  0.,  1.,  0.,  0.,  0.,  0.,
         0.,  0.,  0.,  0.,  0.,  0.,  0.],
       [ 1.,  0.,  0.,  0.,  0.,  0.,  0.,  1.,  1.,  0.,  0.,  0.,  0.,
         0.,  0.,  0.,  0.,  0.,  0.,  0.],
       [ 0.,  0.,  0.,  0.,  1.,  0.,  0.,  0.,  0.,  0.,  1.,  0.,  0.,
         0.,  1.,  0.,  0.,  0.,  0.,  0.],
       [ 0.,  0.,  1.,  0.,  0.,  0.,  0.,  0.,  0.,  0.,  0.,  0.,  0.,
         1.,  0.,  0.,  0.,  0.,  0.,  1.],
       [ 0.,  0.,  0.,  0.,  0.,  0.,  0.,  0.,  0.,  0.,  0.,  0.,  0.,
         0.,  0.,  1.,  0.,  1.,  0.,  1.],
       [ 0.,  0.,  0.,  1.,  1.,  0.,  0.,  0.,  0.,  0.,  0.,  0.,  0.,
         1.,  0.,  0.,  0.,  0.,  0.,  0.],
       [ 0.,  0.,  1.,  0.,  0.,  0.,  0.,  0.,  1.,  1.,  0.,  0.,  0.,
         0.,  0.,  0.,  0.,  0.,  0.,  0.],
       [ 0.,  0.,  0.,  1.,  0.,  0.,  0.,  1.,  0.,  0.,  1.,  0.,  0.,
         0.,  0.,  0.,  0.,  0.,  0.,  0.],
       [ 0.,  0.,  0.,  0.,  0.,  0.,  0.,  0.,  1.,  0.,  0.,  0.,  1.,
         0.,  0.,  1.,  0.,  0.,  0.,  0.],
       [ 0.,  0.,  0.,  0.,  0.,  0.,  0.,  1.,  0.,  0.,  0.,  0.,  0.,
         0.,  0.,  0.,  1.,  0.,  1.,  0.],
       [ 1.,  0.,  0.,  0.,  0.,  0.,  0.,  1.,  0.,  1.,  0.,  0.,  0.,
         0.,  0.,  0.,  0.,  0.,  0.,  0.],
       [ 0.,  0.,  0.,  0.,  0.,  0.,  0.,  0.,  0.,  0.,  0.,  0.,  0.,
         1.,  0.,  0.,  0.,  0.,  1.,  1.],
       [ 0.,  0.,  0.,  0.,  1.,  0.,  0.,  0.,  0.,  0.,  0.,  0.,  0.,
         1.,  0.,  0.,  0.,  0.,  1.,  0.],
       [ 0.,  0.,  0.,  1.,  1.,  1.,  0.,  0.,  0.,  0.,  0.,  0.,  0.,
         0.,  0.,  0.,  0.,  0.,  0.,  0.],
       [ 0.,  0.,  0.,  0.,  0.,  0.,  0.,  0.,  0.,  0.,  1.,  0.,  0.,
         0.,  0.,  0.,  0.,  0.,  1.,  1.],
       [ 0.,  0.,  1.,  0.,  0.,  1.,  0.,  0.,  0.,  0.,  0.,  0.,  0.,
         0.,  0.,  0.,  1.,  0.,  0.,  0.],
       [ 0.,  0.,  0.,  0.,  0.,  0.,  0.,  0.,  1.,  0.,  1.,  1.,  0.,
         0.,  0.,  0.,  0.,  0.,  0.,  0.],
       [ 0.,  1.,  0.,  0.,  0.,  0.,  0.,  0.,  0.,  0.,  0.,  1.,  0.,
         0.,  0.,  0.,  1.,  0.,  0.,  0.],
       [ 0.,  0.,  1.,  0.,  0.,  1.,  0.,  0.,  1.,  0.,  0.,  0.,  0.,
         0.,  0.,  0.,  0.,  0.,  0.,  0.],
       [ 0.,  1.,  1.,  0.,  0.,  0.,  0.,  0.,  0.,  1.,  0.,  0.,  0.,
         0.,  0.,  0.,  0.,  0.,  0.,  0.],
       [ 0.,  0.,  1.,  0.,  0.,  0.,  1.,  0.,  0.,  1.,  0.,  0.,  0.,
         0.,  0.,  0.,  0.,  0.,  0.,  0.],
       [ 0.,  0.,  0.,  0.,  0.,  0.,  1.,  0.,  1.,  0.,  0.,  0.,  0.,
         0.,  0.,  0.,  0.,  1.,  0.,  0.],
       [ 0.,  0.,  0.,  0.,  0.,  0.,  0.,  0.,  1.,  0.,  0.,  0.,  0.,
         0.,  1.,  0.,  0.,  0.,  1.,  0.],
       [ 0.,  0.,  0.,  0.,  0.,  1.,  0.,  0.,  0.,  1.,  0.,  0.,  0.,
         0.,  0.,  0.,  1.,  0.,  0.,  0.],
       [ 0.,  1.,  0.,  0.,  0.,  0.,  0.,  0.,  0.,  0.,  0.,  0.,  0.,
         0.,  1.,  0.,  0.,  0.,  1.,  0.],
       [ 0.,  1.,  0.,  0.,  1.,  1.,  0.,  0.,  0.,  0.,  0.,  0.,  0.,
         0.,  0.,  0.,  0.,  0.,  0.,  0.],
       [ 0.,  1.,  1.,  0.,  0.,  0.,  0.,  0.,  0.,  0.,  0.,  0.,  0.,
         0.,  0.,  0.,  0.,  1.,  0.,  0.],
       [ 0.,  0.,  0.,  1.,  0.,  0.,  0.,  0.,  0.,  1.,  0.,  1.,  0.,
         0.,  0.,  0.,  0.,  0.,  0.,  0.],
       [ 0.,  0.,  0.,  0.,  0.,  0.,  0.,  0.,  0.,  0.,  1.,  0.,  0.,
         0.,  0.,  1.,  1.,  0.,  0.,  0.],
       [ 0.,  0.,  0.,  0.,  0.,  1.,  1.,  0.,  0.,  0.,  0.,  0.,  0.,
         0.,  0.,  0.,  0.,  0.,  1.,  0.],
       [ 1.,  0.,  0.,  0.,  0.,  0.,  0.,  1.,  0.,  1.,  0.,  0.,  0.,
         0.,  0.,  0.,  0.,  0.,  0.,  0.],
       [ 0.,  0.,  1.,  0.,  0.,  1.,  0.,  0.,  1.,  0.,  0.,  0.,  0.,
         0.,  0.,  0.,  0.,  0.,  0.,  0.],
       [ 0.,  0.,  0.,  0.,  1.,  0.,  1.,  0.,  0.,  0.,  0.,  1.,  0.,
         0.,  0.,  0.,  0.,  0.,  0.,  0.],
       [ 0.,  0.,  0.,  0.,  0.,  0.,  0.,  0.,  0.,  0.,  0.,  0.,  0.,
         1.,  0.,  0.,  1.,  0.,  1.,  0.],
       [ 0.,  0.,  0.,  0.,  0.,  0.,  0.,  1.,  0.,  0.,  0.,  0.,  0.,
         0.,  1.,  1.,  0.,  0.,  0.,  0.],
       [ 0.,  0.,  1.,  0.,  0.,  0.,  0.,  0.,  1.,  0.,  0.,  1.,  0.,
         0.,  0.,  0.,  0.,  0.,  0.,  0.],
       [ 1.,  0.,  0.,  0.,  0.,  0.,  0.,  1.,  0.,  0.,  0.,  0.,  0.,
         0.,  0.,  0.,  0.,  0.,  0.,  1.],
       [ 1.,  0.,  1.,  0.,  0.,  0.,  0.,  0.,  0.,  0.,  1.,  0.,  0.,
         0.,  0.,  0.,  0.,  0.,  0.,  0.],
       [ 1.,  0.,  0.,  0.,  0.,  0.,  0.,  0.,  1.,  0.,  0.,  0.,  0.,
         0.,  0.,  1.,  0.,  0.,  0.,  0.],
       [ 0.,  0.,  0.,  0.,  1.,  0.,  1.,  0.,  0.,  0.,  0.,  0.,  0.,
         1.,  0.,  0.,  0.,  0.,  0.,  0.],
       [ 0.,  0.,  0.,  0.,  0.,  0.,  0.,  0.,  0.,  0.,  0.,  1.,  1.,
         0.,  0.,  1.,  0.,  0.,  0.,  0.],
       [ 0.,  0.,  0.,  0.,  0.,  0.,  0.,  0.,  1.,  0.,  0.,  0.,  0.,
         0.,  0.,  1.,  0.,  1.,  0.,  0.],
       [ 1.,  0.,  0.,  0.,  0.,  0.,  0.,  0.,  0.,  0.,  0.,  0.,  0.,
         0.,  0.,  1.,  1.,  0.,  0.,  0.],
       [ 0.,  1.,  0.,  0.,  0.,  1.,  1.,  0.,  0.,  0.,  0.,  0.,  0.,
         0.,  0.,  0.,  0.,  0.,  0.,  0.],
       [ 0.,  0.,  0.,  1.,  0.,  0.,  0.,  0.,  0.,  0.,  0.,  0.,  0.,
         1.,  1.,  0.,  0.,  0.,  0.,  0.],
       [ 0.,  0.,  0.,  0.,  0.,  0.,  0.,  0.,  0.,  0.,  0.,  1.,  0.,
         0.,  0.,  0.,  0.,  1.,  1.,  0.],
       [ 1.,  0.,  0.,  0.,  0.,  0.,  0.,  0.,  1.,  0.,  0.,  0.,  0.,
         0.,  0.,  0.,  0.,  0.,  1.,  0.],
       [ 0.,  0.,  0.,  0.,  0.,  0.,  0.,  0.,  0.,  0.,  0.,  1.,  0.,
         0.,  0.,  0.,  0.,  1.,  1.,  0.],
       [ 0.,  0.,  0.,  0.,  0.,  0.,  0.,  0.,  1.,  0.,  0.,  0.,  0.,
         0.,  0.,  0.,  1.,  1.,  0.,  0.],
       [ 1.,  0.,  0.,  0.,  0.,  1.,  0.,  0.,  0.,  0.,  0.,  0.,  0.,
         0.,  0.,  1.,  0.,  0.,  0.,  0.],
       [ 0.,  1.,  0.,  0.,  0.,  0.,  0.,  1.,  0.,  1.,  0.,  0.,  0.,
         0.,  0.,  0.,  0.,  0.,  0.,  0.],
       [ 1.,  1.,  0.,  0.,  0.,  0.,  0.,  0.,  1.,  0.,  0.,  0.,  0.,
         0.,  0.,  0.,  0.,  0.,  0.,  0.],
       [ 1.,  0.,  0.,  0.,  0.,  0.,  0.,  0.,  0.,  0.,  0.,  0.,  0.,
         1.,  1.,  0.,  0.,  0.,  0.,  0.],
       [ 0.,  0.,  0.,  0.,  0.,  0.,  0.,  1.,  0.,  0.,  0.,  0.,  0.,
         0.,  0.,  0.,  1.,  0.,  0.,  1.],
       [ 0.,  0.,  0.,  1.,  0.,  0.,  0.,  1.,  0.,  0.,  1.,  0.,  0.,
         0.,  0.,  0.,  0.,  0.,  0.,  0.],
       [ 0.,  0.,  1.,  0.,  0.,  0.,  0.,  0.,  1.,  0.,  0.,  0.,  0.,
         0.,  0.,  0.,  0.,  1.,  0.,  0.],
       [ 0.,  0.,  0.,  0.,  0.,  0.,  0.,  0.,  0.,  0.,  1.,  1.,  0.,
         0.,  0.,  0.,  1.,  0.,  0.,  0.],
       [ 0.,  0.,  0.,  0.,  0.,  0.,  1.,  0.,  1.,  0.,  0.,  0.,  0.,
         0.,  0.,  0.,  0.,  0.,  1.,  0.],
       [ 1.,  0.,  0.,  0.,  0.,  0.,  0.,  0.,  0.,  0.,  0.,  0.,  0.,
         0.,  0.,  0.,  1.,  0.,  0.,  1.],
       [ 0.,  0.,  1.,  0.,  1.,  0.,  0.,  0.,  0.,  0.,  0.,  0.,  0.,
         0.,  0.,  0.,  0.,  1.,  0.,  0.],
       [ 0.,  0.,  0.,  0.,  0.,  0.,  1.,  0.,  0.,  0.,  0.,  1.,  0.,
         0.,  0.,  0.,  0.,  0.,  0.,  1.],
       [ 0.,  0.,  0.,  0.,  0.,  0.,  0.,  0.,  0.,  0.,  0.,  0.,  0.,
         0.,  0.,  0.,  1.,  1.,  1.,  0.],
       [ 1.,  0.,  0.,  0.,  0.,  0.,  0.,  0.,  0.,  0.,  0.,  0.,  0.,
         0.,  0.,  0.,  0.,  1.,  1.,  0.],
       [ 1.,  0.,  0.,  0.,  0.,  1.,  0.,  1.,  0.,  0.,  0.,  0.,  0.,
         0.,  0.,  0.,  0.,  0.,  0.,  0.],
       [ 0.,  1.,  0.,  1.,  0.,  0.,  0.,  0.,  0.,  0.,  0.,  0.,  0.,
         0.,  0.,  0.,  1.,  0.,  0.,  0.],
       [ 0.,  0.,  1.,  0.,  0.,  0.,  0.,  0.,  0.,  0.,  0.,  1.,  0.,
         0.,  0.,  0.,  0.,  0.,  0.,  1.],
       [ 0.,  0.,  0.,  0.,  0.,  0.,  0.,  1.,  1.,  0.,  0.,  1.,  0.,
         0.,  0.,  0.,  0.,  0.,  0.,  0.],
       [ 0.,  0.,  0.,  0.,  0.,  0.,  0.,  0.,  0.,  0.,  0.,  0.,  1.,
         0.,  1.,  0.,  0.,  1.,  0.,  0.],
       [ 0.,  0.,  1.,  0.,  0.,  0.,  0.,  0.,  0.,  0.,  0.,  1.,  0.,
         1.,  0.,  0.,  0.,  0.,  0.,  0.],
       [ 1.,  0.,  0.,  0.,  0.,  0.,  1.,  0.,  0.,  0.,  0.,  0.,  0.,
         0.,  0.,  0.,  1.,  0.,  0.,  0.],
       [ 0.,  0.,  0.,  0.,  0.,  0.,  0.,  1.,  0.,  0.,  0.,  0.,  0.,
         0.,  0.,  0.,  1.,  1.,  0.,  0.],
       [ 0.,  1.,  1.,  0.,  0.,  0.,  0.,  0.,  0.,  1.,  0.,  0.,  0.,
         0.,  0.,  0.,  0.,  0.,  0.,  0.],
       [ 0.,  0.,  0.,  0.,  1.,  0.,  0.,  0.,  0.,  1.,  0.,  0.,  0.,
         0.,  0.,  1.,  0.,  0.,  0.,  0.],
       [ 0.,  1.,  0.,  0.,  0.,  0.,  0.,  0.,  0.,  1.,  0.,  0.,  0.,
         1.,  0.,  0.,  0.,  0.,  0.,  0.],
       [ 0.,  0.,  1.,  0.,  0.,  0.,  0.,  0.,  0.,  0.,  1.,  0.,  0.,
         0.,  0.,  0.,  0.,  0.,  1.,  0.],
       [ 0.,  0.,  0.,  0.,  1.,  0.,  0.,  0.,  1.,  0.,  0.,  0.,  0.,
         0.,  0.,  0.,  0.,  0.,  0.,  1.],
       [ 0.,  0.,  0.,  0.,  0.,  0.,  0.,  1.,  0.,  0.,  0.,  0.,  0.,
         0.,  0.,  0.,  0.,  0.,  1.,  1.],
       [ 0.,  0.,  0.,  0.,  0.,  0.,  0.,  0.,  0.,  0.,  1.,  1.,  0.,
         0.,  0.,  0.,  0.,  1.,  0.,  0.],
       [ 0.,  1.,  0.,  0.,  0.,  0.,  0.,  1.,  0.,  0.,  0.,  0.,  0.,
         0.,  0.,  0.,  0.,  1.,  0.,  0.],
       [ 0.,  0.,  0.,  0.,  0.,  0.,  0.,  1.,  0.,  0.,  0.,  0.,  1.,
         0.,  1.,  0.,  0.,  0.,  0.,  0.],
       [ 0.,  0.,  1.,  0.,  1.,  0.,  0.,  0.,  0.,  0.,  0.,  1.,  0.,
         0.,  0.,  0.,  0.,  0.,  0.,  0.],
       [ 0.,  0.,  0.,  1.,  0.,  0.,  1.,  0.,  0.,  0.,  0.,  0.,  0.,
         1.,  0.,  0.,  0.,  0.,  0.,  0.],
       [ 0.,  0.,  0.,  0.,  1.,  1.,  0.,  0.,  0.,  1.,  0.,  0.,  0.,
         0.,  0.,  0.,  0.,  0.,  0.,  0.],
       [ 0.,  1.,  1.,  0.,  1.,  0.,  0.,  0.,  0.,  0.,  0.,  0.,  0.,
         0.,  0.,  0.,  0.,  0.,  0.,  0.],
       [ 0.,  0.,  0.,  0.,  0.,  0.,  0.,  0.,  0.,  0.,  1.,  0.,  0.,
         0.,  1.,  0.,  0.,  1.,  0.,  0.],
       [ 0.,  1.,  0.,  0.,  0.,  0.,  0.,  0.,  0.,  0.,  0.,  0.,  0.,
         1.,  0.,  0.,  0.,  0.,  1.,  0.],
       [ 1.,  0.,  0.,  0.,  1.,  0.,  0.,  0.,  0.,  0.,  0.,  0.,  0.,
         1.,  0.,  0.,  0.,  0.,  0.,  0.],
       [ 0.,  0.,  0.,  0.,  0.,  0.,  0.,  1.,  0.,  0.,  0.,  0.,  0.,
         0.,  0.,  0.,  1.,  1.,  0.,  0.],
       [ 0.,  0.,  0.,  0.,  0.,  0.,  0.,  0.,  0.,  0.,  0.,  0.,  1.,
         0.,  1.,  0.,  0.,  0.,  0.,  1.],
       [ 0.,  0.,  1.,  0.,  0.,  0.,  0.,  0.,  0.,  0.,  1.,  0.,  0.,
         0.,  0.,  0.,  0.,  0.,  1.,  0.],
       [ 0.,  0.,  0.,  0.,  0.,  1.,  0.,  0.,  0.,  0.,  0.,  0.,  1.,
         0.,  0.,  0.,  1.,  0.,  0.,  0.],
       [ 1.,  0.,  0.,  0.,  0.,  0.,  0.,  0.,  0.,  1.,  0.,  0.,  0.,
         0.,  0.,  0.,  1.,  0.,  0.,  0.],
       [ 1.,  0.,  0.,  0.,  0.,  0.,  0.,  0.,  1.,  0.,  0.,  0.,  0.,
         0.,  0.,  0.,  0.,  0.,  1.,  0.],
       [ 0.,  0.,  0.,  0.,  0.,  1.,  0.,  0.,  0.,  0.,  0.,  0.,  1.,
         0.,  0.,  0.,  0.,  0.,  0.,  1.],
       [ 1.,  0.,  0.,  0.,  0.,  0.,  0.,  0.,  0.,  0.,  0.,  0.,  0.,
         0.,  1.,  0.,  0.,  0.,  1.,  0.],
       [ 0.,  0.,  0.,  0.,  0.,  0.,  0.,  0.,  0.,  0.,  1.,  0.,  0.,
         1.,  0.,  1.,  0.,  0.,  0.,  0.],
       [ 0.,  0.,  0.,  0.,  0.,  1.,  0.,  0.,  0.,  0.,  1.,  0.,  0.,
         1.,  0.,  0.,  0.,  0.,  0.,  0.],
       [ 0.,  0.,  1.,  0.,  0.,  0.,  0.,  0.,  0.,  1.,  0.,  0.,  0.,
         0.,  0.,  0.,  0.,  0.,  0.,  1.],
       [ 1.,  1.,  1.,  0.,  0.,  0.,  0.,  0.,  0.,  0.,  0.,  0.,  0.,
         0.,  0.,  0.,  0.,  0.,  0.,  0.],
       [ 0.,  0.,  0.,  0.,  0.,  0.,  0.,  1.,  0.,  0.,  0.,  1.,  0.,
         0.,  1.,  0.,  0.,  0.,  0.,  0.],
       [ 0.,  0.,  0.,  0.,  0.,  1.,  0.,  1.,  0.,  1.,  0.,  0.,  0.,
         0.,  0.,  0.,  0.,  0.,  0.,  0.],
       [ 0.,  0.,  0.,  0.,  0.,  1.,  0.,  0.,  0.,  0.,  0.,  0.,  0.,
         0.,  0.,  0.,  1.,  0.,  1.,  0.],
       [ 0.,  0.,  0.,  1.,  1.,  0.,  0.,  0.,  0.,  0.,  0.,  0.,  0.,
         0.,  1.,  0.,  0.,  0.,  0.,  0.],
       [ 0.,  0.,  0.,  0.,  1.,  0.,  0.,  1.,  0.,  0.,  0.,  0.,  0.,
         0.,  0.,  1.,  0.,  0.,  0.,  0.],
       [ 0.,  0.,  0.,  0.,  0.,  1.,  0.,  0.,  0.,  0.,  0.,  0.,  0.,
         0.,  0.,  0.,  0.,  0.,  1.,  1.],
       [ 0.,  0.,  0.,  0.,  0.,  0.,  0.,  0.,  0.,  1.,  0.,  0.,  0.,
         1.,  0.,  0.,  0.,  0.,  0.,  1.],
       [ 0.,  0.,  0.,  0.,  0.,  0.,  0.,  0.,  0.,  1.,  0.,  0.,  0.,
         0.,  1.,  0.,  0.,  0.,  1.,  0.],
       [ 1.,  1.,  1.,  0.,  0.,  0.,  0.,  0.,  0.,  0.,  0.,  0.,  0.,
         0.,  0.,  0.,  0.,  0.,  0.,  0.],
       [ 0.,  0.,  0.,  1.,  0.,  0.,  0.,  0.,  0.,  1.,  0.,  0.,  0.,
         0.,  0.,  1.,  0.,  0.,  0.,  0.],
       [ 0.,  0.,  0.,  0.,  0.,  0.,  0.,  1.,  0.,  0.,  0.,  0.,  1.,
         1.,  0.,  0.,  0.,  0.,  0.,  0.],
       [ 0.,  0.,  0.,  0.,  1.,  0.,  0.,  0.,  1.,  1.,  0.,  0.,  0.,
         0.,  0.,  0.,  0.,  0.,  0.,  0.],
       [ 1.,  0.,  0.,  1.,  0.,  0.,  1.,  0.,  0.,  0.,  0.,  0.,  0.,
         0.,  0.,  0.,  0.,  0.,  0.,  0.],
       [ 0.,  0.,  0.,  0.,  0.,  0.,  0.,  0.,  0.,  0.,  0.,  1.,  0.,
         1.,  0.,  0.,  0.,  1.,  0.,  0.],
       [ 0.,  0.,  0.,  0.,  1.,  0.,  1.,  0.,  0.,  0.,  0.,  0.,  0.,
         0.,  0.,  0.,  0.,  0.,  0.,  1.],
       [ 1.,  0.,  0.,  1.,  0.,  0.,  0.,  0.,  0.,  0.,  0.,  0.,  0.,
         0.,  0.,  1.,  0.,  0.,  0.,  0.],
       [ 0.,  0.,  0.,  0.,  0.,  1.,  0.,  0.,  0.,  1.,  1.,  0.,  0.,
         0.,  0.,  0.,  0.,  0.,  0.,  0.],
       [ 1.,  0.,  0.,  0.,  1.,  0.,  0.,  0.,  0.,  0.,  0.,  0.,  0.,
         1.,  0.,  0.,  0.,  0.,  0.,  0.],
       [ 1.,  0.,  0.,  0.,  0.,  0.,  0.,  0.,  0.,  1.,  0.,  0.,  1.,
         0.,  0.,  0.,  0.,  0.,  0.,  0.],
       [ 0.,  1.,  0.,  1.,  0.,  0.,  0.,  0.,  1.,  0.,  0.,  0.,  0.,
         0.,  0.,  0.,  0.,  0.,  0.,  0.],
       [ 0.,  0.,  1.,  0.,  0.,  0.,  0.,  0.,  1.,  0.,  0.,  0.,  0.,
         0.,  0.,  0.,  0.,  0.,  0.,  1.],
       [ 0.,  0.,  0.,  0.,  0.,  0.,  0.,  0.,  0.,  0.,  1.,  0.,  0.,
         0.,  1.,  0.,  0.,  0.,  0.,  1.],
       [ 0.,  1.,  1.,  1.,  0.,  0.,  0.,  0.,  0.,  0.,  0.,  0.,  0.,
         0.,  0.,  0.,  0.,  0.,  0.,  0.],
       [ 0.,  0.,  0.,  0.,  1.,  0.,  0.,  0.,  0.,  0.,  0.,  0.,  0.,
         0.,  0.,  0.,  0.,  1.,  1.,  0.],
       [ 0.,  0.,  0.,  0.,  1.,  0.,  0.,  0.,  0.,  0.,  0.,  0.,  0.,
         0.,  0.,  0.,  0.,  1.,  1.,  0.],
       [ 0.,  0.,  1.,  0.,  0.,  0.,  0.,  0.,  1.,  0.,  0.,  0.,  1.,
         0.,  0.,  0.,  0.,  0.,  0.,  0.],
       [ 0.,  0.,  0.,  0.,  0.,  0.,  0.,  0.,  0.,  0.,  0.,  1.,  0.,
         0.,  0.,  0.,  0.,  0.,  1.,  1.],
       [ 1.,  0.,  0.,  0.,  0.,  0.,  1.,  0.,  0.,  0.,  0.,  0.,  0.,
         0.,  0.,  0.,  0.,  1.,  0.,  0.],
       [ 0.,  1.,  0.,  0.,  0.,  1.,  0.,  0.,  0.,  0.,  0.,  0.,  0.,
         0.,  0.,  1.,  0.,  0.,  0.,  0.],
       [ 0.,  0.,  0.,  0.,  0.,  0.,  0.,  0.,  0.,  0.,  0.,  0.,  0.,
         0.,  0.,  0.,  1.,  1.,  0.,  1.],
       [ 0.,  0.,  1.,  0.,  1.,  0.,  0.,  0.,  0.,  0.,  0.,  0.,  0.,
         0.,  1.,  0.,  0.,  0.,  0.,  0.],
       [ 0.,  0.,  1.,  0.,  0.,  1.,  0.,  0.,  0.,  0.,  0.,  0.,  0.,
         0.,  0.,  0.,  1.,  0.,  0.,  0.],
       [ 0.,  1.,  0.,  0.,  0.,  0.,  0.,  0.,  0.,  1.,  0.,  1.,  0.,
         0.,  0.,  0.,  0.,  0.,  0.,  0.],
       [ 0.,  0.,  0.,  0.,  0.,  0.,  0.,  0.,  0.,  0.,  0.,  1.,  1.,
         0.,  0.,  0.,  0.,  0.,  1.,  0.],
       [ 0.,  1.,  0.,  1.,  1.,  0.,  0.,  0.,  0.,  0.,  0.,  0.,  0.,
         0.,  0.,  0.,  0.,  0.,  0.,  0.],
       [ 0.,  0.,  0.,  0.,  0.,  0.,  0.,  0.,  0.,  0.,  0.,  0.,  0.,
         0.,  1.,  1.,  1.,  0.,  0.,  0.],
       [ 1.,  1.,  0.,  0.,  0.,  0.,  0.,  0.,  0.,  0.,  0.,  0.,  0.,
         0.,  0.,  0.,  0.,  0.,  1.,  0.],
       [ 0.,  0.,  0.,  0.,  0.,  1.,  0.,  0.,  1.,  0.,  0.,  0.,  0.,
         0.,  0.,  0.,  0.,  1.,  0.,  0.],
       [ 0.,  0.,  0.,  1.,  0.,  0.,  0.,  0.,  0.,  1.,  0.,  0.,  0.,
         0.,  0.,  0.,  0.,  1.,  0.,  0.],
       [ 0.,  0.,  0.,  1.,  0.,  0.,  0.,  0.,  0.,  0.,  0.,  0.,  0.,
         0.,  0.,  1.,  0.,  0.,  1.,  0.],
       [ 0.,  0.,  0.,  0.,  0.,  0.,  0.,  1.,  1.,  0.,  0.,  0.,  0.,
         0.,  0.,  0.,  0.,  0.,  1.,  0.],
       [ 0.,  0.,  0.,  1.,  1.,  0.,  0.,  0.,  0.,  0.,  0.,  0.,  0.,
         0.,  1.,  0.,  0.,  0.,  0.,  0.],
       [ 0.,  0.,  0.,  1.,  0.,  0.,  0.,  0.,  0.,  0.,  1.,  1.,  0.,
         0.,  0.,  0.,  0.,  0.,  0.,  0.],
       [ 0.,  0.,  0.,  0.,  0.,  0.,  1.,  0.,  0.,  0.,  0.,  0.,  0.,
         0.,  0.,  1.,  0.,  0.,  0.,  1.],
       [ 0.,  0.,  0.,  0.,  0.,  0.,  1.,  0.,  1.,  0.,  1.,  0.,  0.,
         0.,  0.,  0.,  0.,  0.,  0.,  0.],
       [ 0.,  0.,  0.,  1.,  0.,  1.,  0.,  0.,  0.,  0.,  0.,  0.,  0.,
         0.,  0.,  1.,  0.,  0.,  0.,  0.],
       [ 0.,  0.,  0.,  1.,  0.,  0.,  1.,  0.,  0.,  0.,  1.,  0.,  0.,
         0.,  0.,  0.,  0.,  0.,  0.,  0.],
       [ 0.,  0.,  0.,  0.,  0.,  0.,  1.,  1.,  0.,  0.,  0.,  0.,  0.,
         1.,  0.,  0.,  0.,  0.,  0.,  0.],
       [ 0.,  0.,  1.,  0.,  0.,  0.,  1.,  0.,  0.,  0.,  0.,  0.,  0.,
         0.,  0.,  1.,  0.,  0.,  0.,  0.],
       [ 0.,  0.,  0.,  0.,  0.,  0.,  0.,  0.,  0.,  1.,  0.,  1.,  0.,
         0.,  0.,  0.,  0.,  0.,  0.,  1.],
       [ 0.,  1.,  0.,  0.,  0.,  0.,  0.,  0.,  0.,  0.,  0.,  1.,  0.,
         0.,  0.,  0.,  0.,  0.,  1.,  0.],
       [ 0.,  0.,  0.,  0.,  0.,  0.,  0.,  0.,  1.,  0.,  0.,  0.,  0.,
         0.,  0.,  0.,  1.,  0.,  0.,  1.],
       [ 0.,  0.,  0.,  0.,  1.,  0.,  0.,  0.,  1.,  0.,  0.,  0.,  0.,
         0.,  0.,  0.,  0.,  1.,  0.,  0.],
       [ 0.,  0.,  0.,  0.,  0.,  0.,  1.,  0.,  0.,  0.,  0.,  0.,  1.,
         0.,  1.,  0.,  0.,  0.,  0.,  0.],
       [ 0.,  1.,  0.,  0.,  0.,  0.,  0.,  1.,  0.,  0.,  0.,  0.,  1.,
         0.,  0.,  0.,  0.,  0.,  0.,  0.],
       [ 0.,  1.,  0.,  0.,  0.,  0.,  0.,  0.,  0.,  0.,  0.,  0.,  0.,
         0.,  1.,  0.,  0.,  1.,  0.,  0.],
       [ 0.,  0.,  0.,  0.,  1.,  0.,  0.,  0.,  0.,  1.,  0.,  0.,  0.,
         0.,  0.,  0.,  0.,  0.,  0.,  1.],
       [ 0.,  1.,  0.,  1.,  0.,  0.,  0.,  0.,  0.,  1.,  0.,  0.,  0.,
         0.,  0.,  0.,  0.,  0.,  0.,  0.],
       [ 0.,  1.,  0.,  0.,  0.,  0.,  0.,  0.,  1.,  1.,  0.,  0.,  0.,
         0.,  0.,  0.,  0.,  0.,  0.,  0.],
       [ 0.,  1.,  0.,  0.,  0.,  0.,  0.,  1.,  0.,  0.,  0.,  0.,  0.,
         0.,  0.,  1.,  0.,  0.,  0.,  0.],
       [ 0.,  0.,  1.,  0.,  0.,  0.,  0.,  0.,  0.,  0.,  0.,  0.,  0.,
         0.,  1.,  0.,  0.,  0.,  1.,  0.],
       [ 1.,  1.,  0.,  0.,  0.,  0.,  0.,  0.,  0.,  0.,  0.,  0.,  0.,
         0.,  0.,  0.,  0.,  0.,  1.,  0.],
       [ 0.,  0.,  0.,  0.,  0.,  0.,  0.,  1.,  0.,  1.,  0.,  0.,  0.,
         0.,  0.,  0.,  0.,  0.,  0.,  1.],
       [ 0.,  1.,  0.,  1.,  0.,  0.,  0.,  0.,  0.,  0.,  0.,  0.,  0.,
         0.,  0.,  0.,  0.,  0.,  0.,  1.],
       [ 0.,  0.,  1.,  0.,  0.,  0.,  1.,  0.,  0.,  0.,  0.,  0.,  0.,
         0.,  0.,  0.,  0.,  0.,  1.,  0.],
       [ 0.,  0.,  0.,  0.,  0.,  0.,  0.,  0.,  0.,  0.,  0.,  0.,  0.,
         0.,  1.,  0.,  0.,  0.,  1.,  1.],
       [ 0.,  0.,  0.,  0.,  0.,  0.,  0.,  1.,  0.,  0.,  0.,  0.,  0.,
         1.,  0.,  0.,  0.,  1.,  0.,  0.],
       [ 0.,  0.,  0.,  0.,  0.,  0.,  0.,  0.,  0.,  0.,  1.,  0.,  0.,
         0.,  0.,  0.,  1.,  0.,  1.,  0.],
       [ 0.,  0.,  0.,  0.,  0.,  0.,  1.,  0.,  0.,  0.,  0.,  0.,  0.,
         0.,  0.,  1.,  0.,  0.,  0.,  1.],
       [ 0.,  0.,  1.,  0.,  0.,  0.,  0.,  0.,  0.,  0.,  0.,  0.,  0.,
         1.,  1.,  0.,  0.,  0.,  0.,  0.],
       [ 0.,  0.,  0.,  0.,  0.,  0.,  1.,  0.,  0.,  0.,  0.,  0.,  0.,
         0.,  0.,  1.,  0.,  1.,  0.,  0.],
       [ 0.,  0.,  0.,  0.,  0.,  0.,  0.,  1.,  0.,  1.,  0.,  0.,  0.,
         0.,  0.,  1.,  0.,  0.,  0.,  0.],
       [ 0.,  0.,  0.,  0.,  0.,  0.,  1.,  0.,  1.,  0.,  0.,  0.,  1.,
         0.,  0.,  0.,  0.,  0.,  0.,  0.],
       [ 0.,  0.,  0.,  0.,  0.,  0.,  1.,  0.,  0.,  0.,  0.,  0.,  0.,
         0.,  0.,  1.,  0.,  1.,  0.,  0.],
       [ 0.,  0.,  0.,  0.,  0.,  1.,  1.,  0.,  0.,  0.,  0.,  0.,  0.,
         0.,  0.,  0.,  0.,  1.,  0.,  0.]])
